CPU: 8.665471350766387
DISK_READ: 0.0
DISK_WRITE: 0.0
MEMORY: 69.64151308501665
NETWORK_RECEIVE: 0.027168345675468063
NETWORK_TRANSMIT: 0.04441660842791251
