CPU: 15.5413618739005
DISK_READ: 0.0
DISK_WRITE: 0.0
MEMORY: 40.04843440488076
NETWORK_RECEIVE: 0.016560124086976328
NETWORK_TRANSMIT: 0.030284667590195127
