CPU: 1.6707656131194961
DISK_READ: 0.0
DISK_WRITE: 0.0
MEMORY: 2.742680539841006
NETWORK_RECEIVE: 0.02229803287980295
NETWORK_TRANSMIT: 0.1742029981708346
