CPU: 81.6558441615367
DISK_READ: 0.0
DISK_WRITE: 0.0
MEMORY: 139.8590619426881
NETWORK_RECEIVE: 0.03793555968545998
NETWORK_TRANSMIT: 0.11019107957818682
