CPU: 118.17465396656131
DISK_READ: 0.0
DISK_WRITE: 0.0
MEMORY: 54.2162833440562
NETWORK_RECEIVE: 0.0387496713803642
NETWORK_TRANSMIT: 0.05619210803605059
