CPU: 77.29571379800568
DISK_READ: 0.0
DISK_WRITE: 0.0
MEMORY: 419.5384294442595
NETWORK_RECEIVE: 0.018792295179874883
NETWORK_TRANSMIT: 0.022774955244125625