CPU: 10.721251483704128
DISK_READ: 0.0
DISK_WRITE: 0.0
MEMORY: 8.897525966352374
NETWORK_RECEIVE: 0.8658772380282204
NETWORK_TRANSMIT: 0.9395931599730831
