CPU: 20.216589028928798
DISK_READ: 0.00007706191586367494
DISK_WRITE: 0.0
MEMORY: 51.04998523054169
NETWORK_RECEIVE: 0.20402307874243067
NETWORK_TRANSMIT: 0.2184678226124079
