CPU: 502.4008652205414
DISK_READ: 0.0
DISK_WRITE: 0.08673203656623764
MEMORY: 28.890706256979104
NETWORK_RECEIVE: 0.018133827828842996
NETWORK_TRANSMIT: 0.0153423286748675
