CPU: 229.6757832709471
DISK_READ: 0.0
DISK_WRITE: 91.04107267650475
MEMORY: 294.3591641900536
NETWORK_RECEIVE: 0.028555337694755375
NETWORK_TRANSMIT: 0.015785877172129283
