CPU: 2.5977998130073887
DISK_READ: 0.0
DISK_WRITE: 0.0
MEMORY: 3.3696396376409687
NETWORK_RECEIVE: 0.01661258916610966
NETWORK_TRANSMIT: 0.028142889716987127
