CPU: 6.266363622680714
DISK_READ: 0.0
DISK_WRITE: 0.0
MEMORY: 6.5978692105749674
NETWORK_RECEIVE: 0.6814192109852607
NETWORK_TRANSMIT: 0.6421438284381187
