CPU: 5.362715153811674
DISK_READ: 0.0
DISK_WRITE: 0.0
MEMORY: 6.565691113329636
NETWORK_RECEIVE: 0.35649157114581903
NETWORK_TRANSMIT: 0.39315903816068204
