CPU: 9.432374445986898
DISK_READ: 0.0
DISK_WRITE: 0.0
MEMORY: 69.20768531320755
NETWORK_RECEIVE: 0.03139991299161754
NETWORK_TRANSMIT: 0.18857729232162668
