CPU: 33.422877281474385
DISK_READ: 0.0
DISK_WRITE: 0.0
MEMORY: 40.64558486078758
NETWORK_RECEIVE: 0.022476603422921182
NETWORK_TRANSMIT: 0.18199559841176102
