CPU: 3.688924167128997
DISK_READ: 0.0
DISK_WRITE: 0.0
MEMORY: 3.8837849450915143
NETWORK_RECEIVE: 0.026014020082251486
NETWORK_TRANSMIT: 0.03392790229621086
