CPU: 15.192559750848067
DISK_READ: 0.0007227402348843366
DISK_WRITE: 0.0
MEMORY: 89.38015163240841
NETWORK_RECEIVE: 0.1456171419368423
NETWORK_TRANSMIT: 0.15350952287804862
