CPU: 21.042705631156213
DISK_READ: 0.0
DISK_WRITE: 0.0
MEMORY: 50.29882169125531
NETWORK_RECEIVE: 0.2209201026501321
NETWORK_TRANSMIT: 0.23026247507717554
