CPU: 46.180361887603596
DISK_READ: 0.0
DISK_WRITE: 0.0
MEMORY: 113.17919180288568
NETWORK_RECEIVE: 0.03902960174991232
NETWORK_TRANSMIT: 1.3803058782004187
