CPU: 15.082415893050742
DISK_READ: 0.0008624054734862993
DISK_WRITE: 0.0
MEMORY: 84.97563721494635
NETWORK_RECEIVE: 0.14977651307083154
NETWORK_TRANSMIT: 0.16517880923786696
