CPU: 14.246770697894753
DISK_READ: 0.0
DISK_WRITE: 0.012207599979998249
MEMORY: 12.943808295803292
NETWORK_RECEIVE: 0.015483086642648245
NETWORK_TRANSMIT: 0.011383777508571197
