CPU: 14.469350913686219
DISK_READ: 0.0
DISK_WRITE: 0.34051261028236723
MEMORY: 38.524889001294135
NETWORK_RECEIVE: 0.015500096144221825
NETWORK_TRANSMIT: 0.011389525995814359
