CPU: 4.165102893669122
DISK_READ: 0.0
DISK_WRITE: 0.0
MEMORY: 4.226008811980034
NETWORK_RECEIVE: 0.04592841496667866
NETWORK_TRANSMIT: 0.044149486208004685
