CPU: 18.416895569299992
DISK_READ: 0.0
DISK_WRITE: 0.0
MEMORY: 46.66843594897393
NETWORK_RECEIVE: 0.05120076218467301
NETWORK_TRANSMIT: 0.04444198391500991
