CPU: 12.195930752956947
DISK_READ: 0.0
DISK_WRITE: 0.0
MEMORY: 80.69877100821309
NETWORK_RECEIVE: 0.042028467747404236
NETWORK_TRANSMIT: 0.04702408469505361
