CPU: 4.0378922354879885
DISK_READ: 0.0
DISK_WRITE: 0.0
MEMORY: 4.346122554261416
NETWORK_RECEIVE: 0.03736433349080174
NETWORK_TRANSMIT: 0.036205896517030885
