CPU: 28.26016470041385
DISK_READ: 0.0
DISK_WRITE: 0.0
MEMORY: 49.27439308411906
NETWORK_RECEIVE: 0.642557165612733
NETWORK_TRANSMIT: 0.6400777517654671
