CPU: 12.301743396247437
DISK_READ: 0.0005757646211631786
DISK_WRITE: 0.0
MEMORY: 84.15569241879393
NETWORK_RECEIVE: 0.0425536021007974
NETWORK_TRANSMIT: 0.04755387871306454
