CPU: 1.799251642628944
DISK_READ: 0.0
DISK_WRITE: 0.021967141997742006
MEMORY: 2.39447737622481
NETWORK_RECEIVE: 0.04742632272418912
NETWORK_TRANSMIT: 0.014199991226166718
