CPU: 1.8470318614705927
DISK_READ: 0.0
DISK_WRITE: 0.06319664521146504
MEMORY: 2.671843744869662
NETWORK_RECEIVE: 0.04747141311912881
NETWORK_TRANSMIT: 0.014214177872825856
