CPU: 12.642826135133461
DISK_READ: 0.0007481057532308572
DISK_WRITE: 0.0
MEMORY: 80.273317381872
NETWORK_RECEIVE: 0.03665479428554671
NETWORK_TRANSMIT: 0.05117888905880078
