CPU: 16.96985957560019
DISK_READ: 0.0
DISK_WRITE: 0.0
MEMORY: 51.95089925679423
NETWORK_RECEIVE: 0.025902038734092924
NETWORK_TRANSMIT: 0.035562417775181494
