CPU: 3.68486715206098
DISK_READ: 0.000018192402876882105
DISK_WRITE: 0.0
MEMORY: 5.812398926234056
NETWORK_RECEIVE: 0.026046999164708182
NETWORK_TRANSMIT: 0.034451532676941565
