CPU: 118.46379786879264
DISK_READ: 0.0
DISK_WRITE: 0.0
MEMORY: 53.706222677759285
NETWORK_RECEIVE: 0.04153134204748927
NETWORK_TRANSMIT: 0.055556615867890936
