CPU: 13.95720400959255
DISK_READ: 0.0
DISK_WRITE: 0.0
MEMORY: 81.78681680976693
NETWORK_RECEIVE: 0.05293450996886753
NETWORK_TRANSMIT: 0.06163557436057788
