CPU: 12.405964339912877
DISK_READ: 0.0
DISK_WRITE: 0.0
MEMORY: 82.73041125386608
NETWORK_RECEIVE: 0.049281129194878
NETWORK_TRANSMIT: 0.05167488953160789
