CPU: 28.21678000603191
DISK_READ: 0.0
DISK_WRITE: 0.0
MEMORY: 47.068774702902566
NETWORK_RECEIVE: 0.051602578279115935
NETWORK_TRANSMIT: 0.05816200939504127
