CPU: 4.233938718361537
DISK_READ: 0.0
DISK_WRITE: 0.0
MEMORY: 4.194821963394342
NETWORK_RECEIVE: 0.04025928452175718
NETWORK_TRANSMIT: 0.042119425959252575
