CPU: 3.394305122743672
DISK_READ: 0.0
DISK_WRITE: 0.0
MEMORY: 3.3374471525235716
NETWORK_RECEIVE: 0.023974853740693813
NETWORK_TRANSMIT: 1.326691448579379
