CPU: 209.0352221429168
DISK_READ: 0.0
DISK_WRITE: 0.0
MEMORY: 127.50731469330373
NETWORK_RECEIVE: 0.051541915588139066
NETWORK_TRANSMIT: 0.07200559907786916
