CPU: 112.38861615668668
DISK_READ: 0.0
DISK_WRITE: 0.0
MEMORY: 53.648304677389525
NETWORK_RECEIVE: 0.029139941177744776
NETWORK_TRANSMIT: 0.015796291412155695
