CPU: 204.16257570163398
DISK_READ: 0.0
DISK_WRITE: 0.0
MEMORY: 117.12701934384017
NETWORK_RECEIVE: 0.029158250848014346
NETWORK_TRANSMIT: 0.039155974253793996
