CPU: 118.9978982229374
DISK_READ: 0.0
DISK_WRITE: 0.0
MEMORY: 107.41823912442226
NETWORK_RECEIVE: 0.01855642935469026
NETWORK_TRANSMIT: 0.02414948427471643
