CPU: 13.816547463939814
DISK_READ: 0.0
DISK_WRITE: 0.0
MEMORY: 82.48626571128376
NETWORK_RECEIVE: 0.050064601458804835
NETWORK_TRANSMIT: 0.06367446993543813
