CPU: 83.51909297165652
DISK_READ: 0.0
DISK_WRITE: 0.0
MEMORY: 143.78389170049914
NETWORK_RECEIVE: 0.12019002624899132
NETWORK_TRANSMIT: 0.03716509354722449
