CPU: 12.661844309058113
DISK_READ: 0.0
DISK_WRITE: 0.0
MEMORY: 80.02279735405106
NETWORK_RECEIVE: 0.03657017912123121
NETWORK_TRANSMIT: 0.05068522930088446
