CPU: 17.189232039953158
DISK_READ: 0.0
DISK_WRITE: 0.0
MEMORY: 46.391151364022924
NETWORK_RECEIVE: 0.025892947713903828
NETWORK_TRANSMIT: 0.03506559862101726
