CPU: 1469.839830221892
DISK_READ: 0.0
DISK_WRITE: 0.0
MEMORY: 53.715332472545754
NETWORK_RECEIVE: 0.02395036170945268
NETWORK_TRANSMIT: 1.4017889944327635
